available: 36 nodes (0-35)                                                                                                                                                                                                        
node 0 cpus: 0 1 2 3 4 5 6 7 288 289 290 291 292 293 294 295                                                                                                                                                                      
node 0 size: 63450 MB                                                                                                                                                                                                             
node 0 free: 61445 MB                                                                                                                                                                                                             
node 1 cpus: 8 9 10 11 12 13 14 15 296 297 298 299 300 301 302 303                                                                                                                                                                
node 1 size: 63472 MB                                                                                                                                                                                                             
node 1 free: 62250 MB                                                                                                                                                                                                             
node 2 cpus: 16 17 18 19 20 21 22 23 304 305 306 307 308 309 310 311                                                                                                                                                              
node 2 size: 63472 MB                                                                                                                                                                                                             
node 2 free: 62325 MB                                                                                                                                                                                                             
node 3 cpus: 24 25 26 27 28 29 30 31 312 313 314 315 316 317 318 319                                                                                                                                                              
node 3 size: 63472 MB                                                                                                                                                                                                             
node 3 free: 62304 MB                                                                                                                                                                                                             
node 4 cpus: 32 33 34 35 36 37 38 39 320 321 322 323 324 325 326 327                                                                                                                                                              
node 4 size: 63472 MB                                                                                                                                                                                                             
node 4 free: 62358 MB                                                                                                                                                                                                             
node 5 cpus: 40 41 42 43 44 45 46 47 328 329 330 331 332 333 334 335                                                                                                                                                              
node 5 size: 63472 MB                                                                                                                                                                                                             
node 5 free: 62379 MB                                                                                                                                                                                                             
node 6 cpus: 48 49 50 51 52 53 54 55 336 337 338 339 340 341 342 343                                                                                                                                                              
node 6 size: 63472 MB                                                                                                                                                                                                             
node 6 free: 62366 MB                                                                                                                                                                                                                                                               
node 7 cpus: 56 57 58 59 60 61 62 63 344 345 346 347 348 349 350 351                                                                                                                                                                                                                
node 7 size: 63472 MB                                                                                                                                                                                                                                                               
node 7 free: 57321 MB                                                                                                                                                                                                                                                               
node 8 cpus: 64 65 66 67 68 69 70 71 352 353 354 355 356 357 358 359                                                                                                                                                                                                                
node 8 size: 63472 MB                                                                                                                                                                                                                                                               
node 8 free: 62057 MB                                                                                                                                                                                                                                                               
node 9 cpus: 72 73 74 75 76 77 78 79 360 361 362 363 364 365 366 367                                                                                                                                                                                                                
node 9 size: 63472 MB                                                                                                                                                                                                                                                               
node 9 free: 62214 MB                                                                                                                                                                                                                                                               
node 10 cpus: 80 81 82 83 84 85 86 87 368 369 370 371 372 373 374 375                                                                                                                                                                                                               
node 10 size: 63472 MB                                                                                                                                                                                                                                                              
node 10 free: 62247 MB                                                                                                                                                                                                                                                              
node 11 cpus: 88 89 90 91 92 93 94 95 376 377 378 379 380 381 382 383                                                                                                                                                                                                               
node 11 size: 63472 MB                                                                                                                                                                                                                                                              
node 11 free: 62175 MB                                                                                                                                                                                                                                                              
node 12 cpus: 96 97 98 99 100 101 102 103 384 385 386 387 388 389 390 391                                                                                                                                                                                                           
node 12 size: 63472 MB                                                                                                                                                                                                                                                              
node 12 free: 62251 MB                                                                                                                                                                                                                                                              
node 13 cpus: 104 105 106 107 108 109 110 111 392 393 394 395 396 397 398 399                                                                                                                                                                                                       
node 13 size: 63472 MB                                                                                                                                                                                                                                                              
node 13 free: 62266 MB                                                                                                                                                                                                                                                              
node 14 cpus: 112 113 114 115 116 117 118 119 400 401 402 403 404 405 406 407                                                                                                                                                                                                       
node 14 size: 63472 MB                                                                                                                                                                                                                                                              
node 14 free: 62259 MB                                                                                                                                                                                                                                                              
node 15 cpus: 120 121 122 123 124 125 126 127 408 409 410 411 412 413 414 415                                                                                                                                                                                                       
node 15 size: 63472 MB                                                                                                                                                                                                                                                              
node 15 free: 62205 MB                                                                                                                                                                                                                                                              
node 16 cpus: 128 129 130 131 132 133 134 135 416 417 418 419 420 421 422 423                                                                                                                                                                                                       
node 16 size: 63472 MB                                                                                                                                                                                                                                                              
node 16 free: 62198 MB                                                                                                                                                                                                                                                              
node 17 cpus: 136 137 138 139 140 141 142 143 424 425 426 427 428 429 430 431                                                                                                                                                                                                       
node 17 size: 63472 MB                                                                                                                                                                                                                                                              
node 17 free: 62245 MB                                                                                                                                                                                                                                                              
node 18 cpus: 144 145 146 147 148 149 150 151 432 433 434 435 436 437 438 439                                                                                                                                                                                                       
node 18 size: 63472 MB
node 18 free: 62206 MB
node 19 cpus: 152 153 154 155 156 157 158 159 440 441 442 443 444 445 446 447
node 19 size: 63472 MB
node 19 free: 62250 MB
node 20 cpus: 160 161 162 163 164 165 166 167 448 449 450 451 452 453 454 455
node 20 size: 63472 MB
node 20 free: 62243 MB
node 21 cpus: 168 169 170 171 172 173 174 175 456 457 458 459 460 461 462 463
node 21 size: 63472 MB
node 21 free: 62243 MB
node 22 cpus: 176 177 178 179 180 181 182 183 464 465 466 467 468 469 470 471
node 22 size: 63472 MB
node 22 free: 61869 MB
node 23 cpus: 184 185 186 187 188 189 190 191 472 473 474 475 476 477 478 479
node 23 size: 63472 MB
node 23 free: 62233 MB
node 24 cpus: 192 193 194 195 196 197 198 199 480 481 482 483 484 485 486 487
node 24 size: 63472 MB
node 24 free: 62211 MB
node 25 cpus: 200 201 202 203 204 205 206 207 488 489 490 491 492 493 494 495
node 25 size: 63472 MB
node 25 free: 62271 MB
node 26 cpus: 208 209 210 211 212 213 214 215 496 497 498 499 500 501 502 503
node 26 size: 63472 MB
node 26 free: 62281 MB
node 27 cpus: 216 217 218 219 220 221 222 223 504 505 506 507 508 509 510 511
node 27 size: 63472 MB
node 27 free: 62293 MB
node 28 cpus: 224 225 226 227 228 229 230 231 512 513 514 515 516 517 518 519
node 28 size: 63472 MB
node 28 free: 60952 MB
node 29 cpus: 232 233 234 235 236 237 238 239 520 521 522 523 524 525 526 527
node 29 size: 63472 MB
node 29 free: 61498 MB
node 30 cpus: 240 241 242 243 244 245 246 247 528 529 530 531 532 533 534 535
node 30 size: 63472 MB
node 30 free: 61633 MB
node 31 cpus: 248 249 250 251 252 253 254 255 536 537 538 539 540 541 542 543
node 31 size: 63472 MB
node 31 free: 61505 MB
node 32 cpus: 256 257 258 259 260 261 262 263 544 545 546 547 548 549 550 551
node 32 size: 63472 MB
node 32 free: 61354 MB
node 33 cpus: 264 265 266 267 268 269 270 271 552 553 554 555 556 557 558 559
node 33 size: 63472 MB
node 33 free: 61220 MB
node 34 cpus: 272 273 274 275 276 277 278 279 560 561 562 563 564 565 566 567
node 34 size: 63472 MB
node 34 free: 61346 MB
node 35 cpus: 280 281 282 283 284 285 286 287 568 569 570 571 572 573 574 575
node 35 size: 63472 MB
node 35 free: 61320 MB
node distances:
node   0   1   2   3   4   5   6   7   8   9  10  11  12  13  14  15  16  17  18  19  20  21  22  23  24  25  26  27  28  29  30  31  32  33  34  35 
  0:  10  50  65  65  65  65  65  65  65  79  65  79  79  65  79  79  79  79  79  79  93  93  79  79  93  65  65  79  79  79  79  79  79  79  93  93 
  1:  50  10  65  65  65  65  65  65  65  79  65  79  79  65  79  79  79  79  79  79  93  93  79  79  93  65  65  79  79  79  79  79  79  79  93  93 
  2:  65  65  10  50  65  65  65  65  79  65  79  65  65  79  65  79  79  79  93  93  79  79  93  93  79  79  79  65  65  79  79  79  93  93  79  79 
  3:  65  65  50  10  65  65  65  65  79  65  79  65  65  79  65  79  79  79  93  93  79  79  93  93  79  79  79  65  65  79  79  79  93  93  79  79 
  4:  65  65  65  65  10  50  65  65  65  79  65  79  79  79  79  65  79  79  79  79  93  93  79  79  93  79  79  79  79  65  65  79  79  79  93  93 
  5:  65  65  65  65  50  10  65  65  65  79  65  79  79  79  79  65  79  79  79  79  93  93  79  79  93  79  79  79  79  65  65  79  79  79  93  93 
  6:  65  65  65  65  65  65  10  50  79  65  79  65  65  79  79  79  65  65  93  93  79  79  93  93  79  79  79  79  79  79  79  65  93  93  79  79 
  7:  65  65  65  65  65  65  50  10  79  65  79  65  65  79  79  79  65  65  93  93  79  79  93  93  79  79  79  79  79  79  79  65  93  93  79  79 
  8:  65  65  79  79  65  65  79  79  10  65  65  65  65  79  93  79  93  93  65  65  79  79  79  79  79  79  79  93  93  79  79  93  65  65  79  79 
  9:  79  79  65  65  79  79  65  65  65  10  65  65  65  93  79  93  79  79  79  79  65  65  79  79  79  93  93  79  79  93  93  79  79  79  65  65 
 10:  65  65  79  79  65  65  79  79  65  65  10  65  65  79  93  79  93  93  79  79  79  79  65  65  79  79  79  93  93  79  79  93  79  79  79  79 
 11:  79  79  65  65  79  79  65  65  65  65  65  10  50  93  79  93  79  79  79  79  79  79  79  79  65  93  93  79  79  93  93  79  79  79  79  79 
 12:  79  79  65  65  79  79  65  65  65  65  65  50  10  93  79  93  79  79  79  79  79  79  79  79  65  93  93  79  79  93  93  79  79  79  79  79 
 13:  65  65  79  79  79  79  79  79  79  93  79  93  93  10  65  65  65  65  65  65  79  79  65  65  79  65  65  79  79  79  79  79  79  79  93  93 
 14:  79  79  65  65  79  79  79  79  93  79  93  79  79  65  10  65  65  65  79  79  65  65  79  79  65  79  79  65  65  79  79  79  93  93  79  79 
 15:  79  79  79  79  65  65  79  79  79  93  79  93  93  65  65  10  65  65  65  65  79  79  65  65  79  79  79  79  79  65  65  79  79  79  93  93 
 16:  79  79  79  79  79  79  65  65  93  79  93  79  79  65  65  65  10  50  79  79  65  65  79  79  65  79  79  79  79  79  79  65  93  93  79  79 
 17:  79  79  79  79  79  79  65  65  93  79  93  79  79  65  65  65  50  10  79  79  65  65  79  79  65  79  79  79  79  79  79  65  93  93  79  79 
 18:  79  79  93  93  79  79  93  93  65  79  79  79  79  65  79  65  79  79  10  50  65  65  65  65  65  79  79  93  93  79  79  93  65  65  79  79 
 19:  79  79  93  93  79  79  93  93  65  79  79  79  79  65  79  65  79  79  50  10  65  65  65  65  65  79  79  93  93  79  79  93  65  65  79  79 
 20:  93  93  79  79  93  93  79  79  79  65  79  79  79  79  65  79  65  65  65  65  10  50  65  65  65  93  93  79  79  93  93  79  79  79  65  65 
 21:  93  93  79  79  93  93  79  79  79  65  79  79  79  79  65  79  65  65  65  65  50  10  65  65  65  93  93  79  79  93  93  79  79  79  65  65 
 22:  79  79  93  93  79  79  93  93  79  79  65  79  79  65  79  65  79  79  65  65  65  65  10  50  65  79  79  93  93  79  79  93  79  79  79  79 
 23:  79  79  93  93  79  79  93  93  79  79  65  79  79  65  79  65  79  79  65  65  65  65  50  10  65  79  79  93  93  79  79  93  79  79  79  79 
 24:  93  93  79  79  93  93  79  79  79  79  79  65  65  79  65  79  65  65  65  65  65  65  65  65  10  93  93  79  79  93  93  79  79  79  79  79 
 25:  65  65  79  79  79  79  79  79  79  93  79  93  93  65  79  79  79  79  79  79  93  93  79  79  93  10  50  65  65  65  65  65  65  65  79  79 
 26:  65  65  79  79  79  79  79  79  79  93  79  93  93  65  79  79  79  79  79  79  93  93  79  79  93  50  10  65  65  65  65  65  65  65  79  79 
 27:  79  79  65  65  79  79  79  79  93  79  93  79  79  79  65  79  79  79  93  93  79  79  93  93  79  65  65  10  50  65  65  65  79  79  65  65 
 28:  79  79  65  65  79  79  79  79  93  79  93  79  79  79  65  79  79  79  93  93  79  79  93  93  79  65  65  50  10  65  65  65  79  79  65  65 
 29:  79  79  79  79  65  65  79  79  79  93  79  93  93  79  79  65  79  79  79  79  93  93  79  79  93  65  65  65  65  10  50  65  65  65  79  79 
 30:  79  79  79  79  65  65  79  79  79  93  79  93  93  79  79  65  79  79  79  79  93  93  79  79  93  65  65  65  65  50  10  65  65  65  79  79 
 31:  79  79  79  79  79  79  65  65  93  79  93  79  79  79  79  79  65  65  93  93  79  79  93  93  79  65  65  65  65  65  65  10  79  79  65  65 
 32:  79  79  93  93  79  79  93  93  65  79  79  79  79  79  93  79  93  93  65  65  79  79  79  79  79  65  65  79  79  65  65  79  10  50  65  65 
 33:  79  79  93  93  79  79  93  93  65  79  79  79  79  79  93  79  93  93  65  65  79  79  79  79  79  65  65  79  79  65  65  79  50  10  65  65 
 34:  93  93  79  79  93  93  79  79  79  65  79  79  79  93  79  93  79  79  79  79  65  65  79  79  79  79  79  65  65  79  79  65  65  65  10  50 
 35:  93  93  79  79  93  93  79  79  79  65  79  79  79  93  79  93  79  79  79  79  65  65  79  79  79  79  79  65  65  79  79  65  65  65  50  10 
